101011110010
110110111011
1110110100011
100001100
1001011101111
10001111010001
10000001001100
110110111110
1111010111001
10000101101100
11010011111
111011110100
1001001011100
1110101010001
10011001011010
101110000110
1100000010111
11101010010
1010001100
1011010000000
111000111010
110111010
1111000111111
101110100
11100011010
100111111101
1111001010101
101100111110
10001110100100
10110011001
1111011111101
111111100010
1010100011010
110101001110
101101110100
1010101100110
111010111000
10001000101000
10000100010011
10000100101001
1000001010010
1011011111001
1110110100000
10001110011
11001011111
1111100001001
10010000100011
1010111010010
1111101110111
1010001100101
1101101111100
101010001110
10000100111111
10010101100101
1011100111111
1110011111011
10010010011010
1111010111100
110010100111
101100000010
10011000110110
1101110100011
10011000001100
1111101010010
101000110
1111101010001
100001001110
1110110110001
1011111101110
1111011111001
1101110010000
1011010100
10001111000100
1111111
10110111001
1011011011001
110011011010
10010111111101
10000110011100
1111011001000
10000101001110
1010111010101
1110000011001
1011100110011
101011010011
1110101
1110011000000
10101100111
11110011011
101110010100
10111011100
111010001100
11011010110
10111100001
1101100101000
111001011111
11001011011
1110101001010
1110000101110
10000001111000
10011010011100
111100001100
110101000000
1101000010100
1111111010010
1100100011001
11001001000
11100000010
10000000010011
1001001111011
110011100101
1010011111001
110101011010
1111100100101
1111100100100
110001001000
110101110010
11100010001
1100000011001
1000101001100
1000101101000
1110100100001
1110101001000
1010011000000
10000000110100
1000011001001
11101101
1100011101011
111001011001
1010011010010
1111101111
111110111000
1110111110001
1000101101111
1001010011101
1011010110001
1110100101000
11011100100
1110000101110
101101110010
1100110110101
10010010100101
1110000011010
1101010010101
100010010111
11101100000
10011001010
1000000010111
10001100100100
1011000000100
10011011111001
110011110111
110111011111
1011000100
10000101001000
1001010101110
1101011100110
100111100011
1001110101111
10000100001110
11010000001
111010111011
100100111110
1110010100111
1011001101000
1001001100001
1100101011
100000011010
1111110011
1101111000000
10010110100000
1100011010010
1100101000111
1111010101100
1101110101000
1111011101110
10010011110100
11000110011
1101000011010
1011001110001
11001110000
1101100100100
1001110110111
111111111001
1100010111111
1111010000010
111100000
1001110100010
1111001101111
10000111010110
100001001011
111100011
10010110111000
110111111110
1101000110
1101100100010
100010111111
1110110000111
1000001111000
1111001001011
1111010111010
1000100110011
1011001100101
100001110
100110100011
110100001110
10000100110110
110111010100
10010111
1100110000111
1010011100100
1110100111101
10001011011011
10001110000001
10000111011010
1010110001101
1111111101010
10001011110111
1011110110111
10010010101000
1010100000000
11000000001
1100100101111
1110100011001
101101011011
1001100011100
10000111000110
10010010011111
1111101100110
1000010111011
1000101101011
1100010110100
10010110000011
1101111110010
1000011000001
1111010110
10011111111
1010010110101
101011110010
1010011111000
101100101100
1011001011111
1101111
1100100001011
10010001001101
101100111100
101100011011
10011010000001
1111110110100
11001110111
1000011000011
111100000101
1101110001101
1000011110010
100001011101
101101111000
10010111010010
1111110010111
1000010001011
1000111011011
1001011000000
110111100001
1110000101000
1010000011111
1101001110011
10000001010
1011111000101
10001111010111
101000011111
1001110011010
1000011010010
10011100000111
111000010101
10001111101111
101101011001
1001111001101
10110011001
1101110111100
101111000010
10011001011010
1101111011
110001011010
101010100100
10111111100
101111101101
10001000001101
1000000111011
10001011101100
1111101110101
100100000001
1001101100001
111010111111
100001000010
1100100000011
101011110111
1001001010100
10000110001000
10000111110100
1100101011100
1000001010000
1111111001110
1000001101110
110111101010
101000000010
1110001110100
100110011011
110111010111
101010101101
1001000011110
1001101010011
111001000001
1011111000010
111011101011
100111111101
100101011011
111100101011
10001010011
1010111011101
110110001011
1111010000010
10110111110
1010001111100
1111010001
1000111011
1110101011111
101110011110
10000001000101
10011001101110
10001000001111
10010101011101
1011100010101
10111100100
10000100010110
101100110001
101111100010
1101001
110011110101
110100101001
10010001101100
100101010010
1010111111010
101010001101
1010000011
1010001011001
111001010110
10001001000000
1111001111000
10000001111
11101111010
1010001101100
11000000111
10011010000
1100101000110
1000110100110
11010001110
1100001100000
1011000110010
10010111001010
1100111100100
1000111101110
10101100
1111100000110
1011100010010
100010011000
1101011100001
11111100100
11111000000
11110001011
1011011011100
10011011010
1001110000001
11110100100
1111001110100
111111111010
100011101
11011010000
1010100000001
110111110010
1011110010111
1110100101010
101100000111
1001101101000
110111010110
110101111111
100000110100
100101011100
1101001010110
1110001000101
10011011000110
1110110100000
1010111011011
1011001000000
1001100101010
10001001110001
1100101110111
1110010000100
1011110000110
10000000110110
1111100
1111110011111
1001111000
1111001110000
1010010010110
1110111011110
111100111111
1011000000001
1001101101000
1010111010110
10010110011110
1011101100100
11010001010
11010000010
111110100001
1011110000100
10001101010101
101000110
100001110011
110101001001
1110000011100
1100001110000
1010010010
101111111000
100110110111
1001011101101
1111011110000
1011001000101
11011010101
110010011
10001111100100
1001000110110
100101011011
101100000010
10011010111001
10000011101010
1010111010100
110110110
10010011010101
111101010000
1100101000000
10010100001100
1010000010010
1011001100101
10011011100010
1101010111110
1001010000110
10001111011111
10001101100001
101101011000
1110001100000
111100010100
1000011110010
10110100011
1011000000000
1100010001100
10010000110110
10001100001001
111101110110
10000011
1101000001111
100100100001
1110001110111
1111011100101
111010010110
101011000
1101011011
1000100000110
1001110001
110000010100
11111000110
1000011101001
1101000011111
1110100001001
10011001010110
1000100111
1000010100000
10000100001
10010100010101
101111111001
10000101010001
1101110001100
1101001000010
100101100001
100001001000
1000000111
10011010100000
1000010011101
10000110110000
1111100110100
10000010111111
111000010101
11100101111
1011011010
10111101011
101010111110
1100010100110
10000111000011
1110010111010
10110010110
1001100000101
1100001100001
10011000000001
10100100100
1101001110101
1010110101001
10001110111001
1011001111
101000110111
111100101101
110000001000
111101110111
10000001011001
10000011101000
10001001100110
1111110000001
101110110100
10001001001010
10011100001110
10000111010
1010011111110
1001111000000
10001010010010
1001110011100
1010100110010
1100111110011
1101101001000
1101111101000
111001010110
101001111010
1101111110010
11111011101
1001010011001
1010110101110
1110101110100
1000100110110
10110111101
1011011101111
10010110010111
10011000110011
111100001110
111111001110
1100111010110
100000100001
10000100000001
111110101101
111000000
100001010100
1101100110100
111111111110
11100100000
1001111000110
1110101011101
1001110111110
10000110001100
1100001011110
1111111110110
101001000000
1101011101000
10010000010000
100100011011
10010100001001
1010110100011
10101001111
11000010000
11011111
10000011010000
100000111010
10001000111110
1000000010010
100000010101
10001110010001
1000101010111
1010101000110
1110010000111
10000101011
1111101101000
1000101011101
111110110111
10000001000000
10000110010101
11110110
10000000001101
10000111100110
1111000000011
101011110111
101000111000
1010110111111
10000000000000
1111101111010
1001110101011
1000011110000
1001111100110
1011110000001
10010110011011
10010110111101
110000110110
1110000010001
10101101110
1110100011010
110111011110
10001000100100
10010111010000
100100110011
1101111110011
10000110010
1011001001010
11101011001
1001011000000
1101110111011
1011100111
1011010000101
100001110101
1100010001101
10000000100101
1000011011
110001011000
10000001110111
1110000111100
1010100100110
100011000010
1111101101111
1010000111001
1001111000
1100010110111
10010011101000
110010100010
101010010010
10100010000
10011000101111
101100101010
10001001000110
101000011110
10000100011110
111100011100
1111001010100
1100000110110
1110000000101
1111101110111
11101110010
10001001001100
1110000000111
101000110011
10001100010001
1101010011111
1111100011000
101100111010
1100101011111
1111101011
101000101100
1011110111111
101101100110
1100000010000
1111100111011
101111100010
1110001100011
1111100011110
1010100011101
1110111011
10000011110111
10000000100111
110011100011
1110111011100
101010111000
1000101100111
111011101110
10000011101100
1100100101101
10001111101011
100011101110
1110001000111
110110110100
101001001011
1000001111101
101111010100
110000010101
100010101111
101111011110
10010000010011
1010100101
101000100000
1001001000011
10011010110
10000111110110
1110100110
1100100101101
10000011111111
1011111100010
111001001100
1100011000
10011011111
1000100101111
1101110001110
11011100101
1110011101001
111000011
10000010010100
110001000001
100011000000
10010100100010
1100001100011
110110010000
1101100101
101101110111
10000011001010
11011010001
1000010101101
101110100100
1000101010110
1010010100000
111101111101
1011011111100
11011111111
10011000110011
100111011100
100000000101
1011000111110
111111100100
1011011000
1011011110001
101100000000
1000111010100
1110101100001
10010111101000
11010000101
1001000010011
1001011101010
10011000101011
10100111101
1000101011001
1111011101010
1101011111010
1000111000011
1111110110
10101011011
101000010101
101100110011
1110110101100
1000011111101
111110010001
10010101110111
1110110111010
100001111101
1000100111011
10011001011
11000101111
1011010100100
1101011001
1101001101001
1110100100111
1110001011001
10011010110100
10000010110010
1001001110001
101101100011
1111100000
1011101000
1101110011101
1000110101101
1110001010110
10110101100
10010011101100
1010010101010
111111101111
110000000
100011001100
11010010010
10000110101111
1111111101000
1001000000011
1011100100010
1111111001001
1111000100000
11001010001
100101101101
10001001111010
1101000001110
1000101011110
11011100001
1000001110
10001100010101
1000111001001
1101101010100
11011000101
1100101110010
1111110010000
1101110101001
1001001011010
10000101010010
10010101001011
11011110001
1000011110010
10001001111
1010001100001
100101100101
1011101111010
10010001110101
111001101011
1010100011110
1011100010000
10001110101000
1011111111011
1110011000101
100000111010
1000001011100
10011000011101
1100110111110
10001110111110
111100101000
111111000011
111111000110
100100110001
10011010101001
1100011011001
1111010001001
1100010010011
10000111100010
110000101111
1100101011110
1110010111011
1100101101100
10110110
1000011001100
1011011000010
1101100100101
100110100001
1110010001101
10010011000011
10001001010110
111101001000
110011010010
10000110001001
100011000010
10001010111100
100011001001
111001011000
10001001100
10000111101101
1101011001000
100100000
1100010010101
1001010110011
1001110101
111011101011
1100000111100
1110010101001
10010111011100
1001001010110
11010001000
1001100000111
10010100000001
1111110110001
1110001010111
1011000001110
10010010110011
110100111011
110010010
100111011110
10011000010100
111010110111
111100100100
10011010101000
101110010000
101001011011
1001111101011
110101011011
10111111101
10111111111
1110011110110
10000100101101
1100101000100
10000010011100
10000101100100
10010010101110
1000011101101
1001001110
10010101011011
101100000101
1101110100000
10010101111101
101101011111
10011011001000
1111110000
1101000111011
101010101111
100001101001
10000010100011
1110101100010
110000100100
10001100001001
1101011001000
11101011100
1110111011011
1011010001110
11100111101
1100110111101
10010011000011
100101011
1110011101000
1000011000011
10001010101
1010000111
10000100000000
10110101111
1011110110001
1000110010011
110101111010
10000000100101
1110010011110
1110010001000
1110111000010
1100010001011
101011001001
1110110011011
100010000011
1111011010100
111110010
1011110101101
111101010010
10010010000001
110101001101
10001111001110
1000000110001
1001100110101
11010010100
101001011110
1111000011001
10100110001
1001011111000
1011111010011
111011011
1101000000011
10011011010100
1100010101010
1000001100
1101111110000
111010101101
1011000101101
101101000110
1101010111010
10010110110010
1110010010010
1011011100100
111001011100
111100101101
11000001
1100111111
1111011000010
1001000001
1000101111001
100111111011
11001010101
110010111
10011100000000
110001010110
1001001000111
1001100011111
1010101001000
1011111100
110011000110
110000110111
1101100010110
1110000100111
1110011000100
1010011111001
100000100011
1100110010110
111000100010
1011101011010
100010001111
101111101101
110111010100
10100010000
1101010100100
1001011111001
101001011
11110000111
1111010001000
10001011101111
1010110011110
1110111011101
111001110011
1100110011111
10011011001111
111001001
1100111010101
1100110110111
1010001111001
10001010110111
101100001101
1000011001011
1110010111010
111100000000
1110010001001
1100111010110
111100010111
10001000001010
10111011100
101010111110
110111010000
110001010010
1110100000111
