2802
3515
7587
268
4847
9169
8268
3518
7865
8556
1695
3828
4700
7505
9818
2950
6167
1874
652
5760
3642
442
7743
372
1818
2557
7765
2878
9124
1433
7933
4066
5402
3406
2932
5478
3768
8744
8467
8489
4178
5881
7584
1139
1631
7945
9251
5586
8055
5221
7036
2702
8511
9573
5951
7419
9370
7868
3239
2818
9782
7075
9740
8018
326
8017
2126
7601
6126
7929
7056
724
9156
127
1465
5849
3290
9725
8604
7880
8526
5589
7193
5939
2771
117
7360
1383
1947
2964
1500
3724
1750
1505
6952
3679
1627
7498
7214
8312
9884
3852
3392
6676
8146
6425
1608
1794
8211
4731
3301
5369
3418
7973
7972
3144
3442
1809
6169
4428
4456
7457
7496
5312
8244
4297
237
6379
3673
5330
1007
4024
7665
4463
4765
5809
7464
1764
7214
2930
6581
9381
7194
6805
2199
1888
1226
4119
8996
5636
9977
3319
3551
708
8520
4782
6886
2531
5039
8462
1665
3771
2366
7335
5736
4705
811
2074
1011
7104
9632
6354
6471
7852
7080
7918
9460
1587
6682
5745
1648
6948
5047
4089
6335
7810
480
5026
7791
8662
2123
483
9656
3582
838
6946
2239
7559
4216
7755
7866
4403
5733
270
2467
3342
8502
3540
151
6535
5348
7485
8923
9089
8666
5517
8170
8951
6071
9384
5376
1537
6447
7449
2907
4892
8646
9375
8038
4283
4459
6324
9603
7154
4289
982
1279
5301
2802
5368
2860
5727
111
6411
9293
2876
2843
9857
8116
1655
4291
3845
7053
4338
2141
2936
9682
8087
4235
4571
4800
3553
7208
5151
6771
1034
6085
9175
2591
5018
4306
9991
3605
9199
2905
5069
1433
7100
3010
9818
891
3162
2724
1532
3053
8717
4155
8940
8053
2305
4961
3775
2114
6403
2807
4692
8584
8692
6492
4176
8142
4206
3562
2562
7284
2459
3543
2733
4638
4947
3649
6082
3819
2557
2395
3883
1107
5597
3467
7810
1470
5244
977
571
7519
2974
8261
9838
8719
9565
5909
1508
8470
2865
3042
105
3317
3369
9324
2386
5626
2701
643
5209
3670
8768
7800
1039
1914
5228
1543
1232
6470
4518
1678
6240
5682
9674
6628
4590
172
7942
5906
2200
6881
2020
1984
1931
5852
1242
4993
1956
7796
4090
285
1744
5377
3570
6039
7466
2823
4968
3542
3455
2100
2396
6742
7237
9926
7584
5595
5696
4906
8817
6519
7300
6022
8246
124
8095
632
7792
5270
7646
3903
5633
4968
5590
9630
5988
1674
1666
4001
6020
9045
326
2163
3401
7196
6256
658
3064
2487
4845
7920
5701
1749
403
9188
4662
2395
2818
9913
8426
5588
438
9429
3920
6464
9484
5138
5733
9954
6846
4742
9183
9057
2904
7264
3860
4338
1443
5632
6284
9270
8969
3958
131
6671
2337
7287
7909
3734
344
859
4358
625
3092
1990
4329
6687
7433
9814
551
4256
1057
9493
3065
8529
7052
6722
2401
2120
519
9888
4253
8624
7988
8383
3605
1839
730
1515
2750
6310
8643
7354
1430
4869
6241
9729
1316
6773
5545
9145
719
2615
3885
3080
3959
8281
8424
8806
8065
2996
8778
9998
1082
5374
5056
8850
5020
5426
6643
6984
7144
3670
2682
7154
2013
4761
5550
7540
4406
1469
5871
9623
9779
3854
4046
6614
2081
8449
4013
448
2132
6964
4094
1824
5062
7517
5054
8588
6238
8182
2624
6888
9232
2331
9481
5539
1359
1552
223
8400
2106
8766
4114
2069
9105
4439
5446
7303
1067
8040
4445
4023
8256
8597
246
8205
8678
7683
2807
2616
5567
8192
8058
5035
4336
5094
6017
9627
9661
3126
7185
1390
7450
3550
8740
9680
2355
7155
1074
5706
1881
4800
7099
743
5765
2165
6285
8229
539
3160
8311
7228
5414
2242
8047
5177
632
6327
9448
3234
2706
1296
9775
2858
8774
2590
8478
3868
7764
6198
7173
8055
1906
8780
7175
2611
8977
6815
7960
2874
6495
1003
2604
6079
2918
6160
7995
3042
7267
7966
5405
955
8439
8231
3299
7644
2744
4455
3822
8428
6445
9195
2286
7239
3508
2635
4221
3028
3093
2223
3038
9235
677
2592
4675
1238
8694
934
6445
8447
6114
3660
792
1247
4399
7054
1765
7401
451
8340
3137
2240
9506
6243
3472
869
2935
8394
1745
4269
2980
4438
5280
3965
5884
1791
9779
2524
2053
5694
4068
728
5873
2816
4564
7521
9704
1669
4627
4842
9771
1341
4441
7914
6906
4547
1014
1371
2581
2867
7596
4349
3985
9591
7610
2173
4411
1227
1583
5796
857
6761
7463
7257
9908
8370
4721
2915
992
744
7069
4525
7254
1452
9452
5290
4079
384
2252
1682
8623
8168
4611
5922
8137
7712
1617
2413
8826
6670
4446
1761
526
8981
4553
6996
1733
6514
8080
7081
4698
8530
9547
1777
4338
1103
5217
2405
6010
9333
3691
5406
5904
9128
6139
7365
2106
4188
9757
6590
9150
3880
4035
4038
2353
9897
6361
7817
6291
8674
3119
6494
7355
6508
182
4300
5826
6949
2465
7309
9411
8790
3912
3282
8585
2242
8892
2249
3672
1100
8685
6856
288
6293
4787
629
3819
6204
7337
9692
4694
1672
4871
9473
8113
7255
5646
9395
3387
402
2526
9748
3767
3876
9896
2960
2651
5099
3419
1533
1535
7414
8493
6468
8348
8548
9390
4333
590
9563
2821
7072
9597
2911
9928
1008
6715
2735
2153
8355
7522
3108
8969
6856
1884
7643
5774
1853
6589
9411
299
7400
4291
1109
647
8448
1455
6065
4499
3450
8229
7326
7304
7618
6283
2761
7579
2179
7892
498
6061
3922
9345
3405
9166
4145
4917
1684
2654
7705
1329
4856
6099
475
6659
9940
6314
524
7152
3757
5677
2886
6842
9650
7314
5860
3676
3885
193
831
7874
577
4473
2555
1621
407
9984
3158
4679
4895
5448
764
3270
3127
6934
7207
7364
5369
2083
6550
3618
5978
2191
3053
3540
1296
6820
4857
331
1927
7816
8943
5534
7645
3699
6559
9935
457
6613
6583
5241
8887
2829
4299
7354
3840
7305
6614
3863
8714
1500
2750
3536
3154
7431
